        [38;2;10;12;1m███              ███        [0m
       [38;2;10;12;1m██[38;2;242;183;128m▓▒[38;2;10;12;1m██████████████[38;2;242;183;128m▒▓[38;2;10;12;1m██       [0m
       [38;2;10;12;1m██[38;2;242;183;128m▓[38;2;10;12;1m███[38;2;252;241;221m▒░░[38;2;190;125;82m▒▒▒▒[38;2;252;241;221m░░▒[38;2;10;12;1m▓██[38;2;242;183;128m█[38;2;10;12;1m██       [0m
       [38;2;10;12;1m███[38;2;252;241;221m▒░░▒░░░░░░░░░░░▒[38;2;10;12;1m███       [0m
       [38;2;10;12;1m██[38;2;252;241;221m▒▒░[38;2;10;12;1m██[38;2;252;241;221m▒░░[38;2;10;12;1m██[38;2;252;241;221m░░░[38;2;10;12;1m██[38;2;252;241;221m░░▒[38;2;10;12;1m██       [0m
    [38;2;10;12;1m█████▓▓▒[38;2;252;241;221m▒░░░[38;2;10;12;1m▒▓▓▒[38;2;252;241;221m░░░░[38;2;10;12;1m▒▓▓█████    [0m
   [38;2;10;12;1m██[38;2;242;183;128m▓▓[38;2;10;12;1m███▓▒▒▒[38;2;252;241;221m░░░░░░░░[38;2;10;12;1m▒▒▒▓███[38;2;242;183;128m▓▓[38;2;10;12;1m██   [0m
 [38;2;10;12;1m███[38;2;242;183;128m▒░░░░[38;2;10;12;1m▒[38;2;242;183;128m░▒[38;2;10;12;1m▒[38;2;10;12;1m▓█▓[38;2;252;241;221m▒░░▒[38;2;10;12;1m▓█▓[38;2;252;241;221m▒░▒[38;2;10;12;1m▓[38;2;242;183;128m░░░░▒[38;2;10;12;1m███ [0m
██[38;2;242;183;128m▓▒░░░░░░[38;2;10;12;1m▒▒▒[38;2;242;183;128m▒▒▒[38;2;10;12;1m████[38;2;242;183;128m▒▒▒[38;2;10;12;1m▒▒▒[38;2;242;183;128m░░░░░░▒▓[38;2;10;12;1m██[0m
█████[38;2;242;183;128m▓▓▒▒░░░░░▒▓[38;2;10;12;1m████[38;2;242;183;128m▓▒░░░░░▒▒▓▓[38;2;10;12;1m█████[0m
    [38;2;10;12;1m██[38;2;190;125;82m▓▓[38;2;10;12;1m██[38;2;242;183;128m▓▓▒▒[38;2;10;12;1m██[38;2;190;125;82m▒[38;2;10;12;1m██[38;2;190;125;82m▒[38;2;10;12;1m██[38;2;242;183;128m▒▒▓[38;2;10;12;1m▓██[38;2;190;125;82m▓▓[38;2;10;12;1m██    [0m
    [38;2;10;12;1m██[38;2;242;183;128m▒▒▒▒[38;2;10;12;1m▓▓▓█▓[38;2;242;183;128m▒▒[38;2;10;12;1m██[38;2;242;183;128m░▒[38;2;10;12;1m▓█▓▓[38;2;190;125;82m▓▒▒▒▒[38;2;10;12;1m██    [0m
    [38;2;10;12;1m██[38;2;242;183;128m▒░░░░▒▒▒▒░░[38;2;10;12;1m██[38;2;190;125;82m░░▒▒▒▒▒[38;2;242;183;128m░░░▒[38;2;10;12;1m██    [0m
    [38;2;10;12;1m██[38;2;242;183;128m▒░░░▒▒░░░░░[38;2;10;12;1m██[38;2;135;91;71m▒▒▒[38;2;242;183;128m░░░░░░░▒[38;2;10;12;1m██    [0m
    [38;2;10;12;1m██████[38;2;135;91;71m▓▓[38;2;242;183;128m░░░░░[38;2;10;12;1m██[38;2;135;91;71m▒▒▒[38;2;242;183;128m░░▒▓[38;2;10;12;1m██████    [0m
        [38;2;10;12;1m███████[38;2;242;183;128m▓▒[38;2;10;12;1m██[38;2;135;91;71m▒▓[38;2;10;12;1m███████        [0m
             [38;2;10;12;1m██████████             [0m
